0.633065938949585
0.6689474582672119
0.13341116905212402
0.5766782760620117
0.10365796089172363
0.49134016036987305
0.06850314140319824
0.40333127975463867
0.028621435165405273
0.09018874168395996
0.37355780601501465
0.02572154998779297
0.3802943229675293
0.06598520278930664
0.3453550338745117
0.019475936889648438
0.09312772750854492
0.2896592617034912
0.01905059814453125
0.09456205368041992
0.2986011505126953
0.029325485229492188
0.056427955627441406
0.2790091037750244
0.01414036750793457
0.09367513656616211
0.3614335060119629
0.02287769317626953
0.11151552200317383
0.33830976486206055
0.01649641990661621
0.07891654968261719
0.3206450939178467
0.01474905014038086
0.07252001762390137
0.3448057174682617
0.022455930709838867
0.3540942668914795
0.09057068824768066
0.2797682285308838
0.011270284652709961
0.10596537590026855
0.289752721786499
0.006069660186767578
0.09319257736206055
0.29866814613342285
0.009961128234863281
0.09453058242797852
0.28815579414367676
0.0054454803466796875
0.07452678680419922
0.31111717224121094
0.021051883697509766
0.0982198715209961
0.30983829498291016
0.04533505439758301
0.07029056549072266
0.3147854804992676
0.04426407814025879
0.11009597778320312
0.3271677494049072
0.011659860610961914
0.4975705146789551
0.1268939971923828
0.46504735946655273
0.007903337478637695
0.1404714584350586
0.41341686248779297
0.01600337028503418
0.09454178810119629
0.258190393447876
0.017459630966186523
0.0680077075958252
0.28602051734924316
0.016069650650024414
0.14919137954711914
0.4613919258117676
0.12205147743225098
0.4666736125946045
0.12077474594116211
0.4669227600097656
0.10681605339050293
0.15165352821350098
0.00010061264038085938
0.08570718765258789
0.06385278701782227
0.013824939727783203
0.10617733001708984
0.30568790435791016
0.07498431205749512
0.3213956356048584
0.09296321868896484
0.30966877937316895
0.08513545989990234
0.0566258430480957
8.940696716308594
0.0469670295715332
0.029666900634765625
0.024992704391479492
0.10233783721923828
0.3640916347503662
0.08852148056030273
0.35329771041870117
0.0719902515411377
0.33376526832580566
0.15440583229064941
0.09963536262512207