21.12543297
10.5629282
15.84447956
21.12572956
10.5629282
5.2816782
7.922604561
10.56322956
5.2816782
7.922604561
10.56322956
5.2816782
2.641054153
3.961668015
5.281981468
2.641054153
3.961668015
5.281981468
2.641054153
3.961668015
5.281981468
2.641054153
3.961668015
5.281981468
2.641054153
3.961668015
5.281981468
2.641054153
3.961668015
5.281981468
2.641054153
3.961668015
5.281981468
2.641054153
3.961668015
5.281981468
2.641054153
3.961668968
4.622126579
5.282282829
3.961668968
4.622126579
5.282282829
3.961668968
4.622126579
5.282282829
3.961668968
4.622126579
5.282282829
3.961668968
4.622126579
5.282282829
3.961668968
4.622126579
5.282282829
3.961668968
4.622126579
5.282282829
3.961668968
4.622126579
5.282282829
3.961668968
4.622125626
4.952504158
5.282582283
4.622125626
4.952504158
5.282582283
4.622125626
4.952504158
5.282582283
4.622125626
4.952504158
5.282582283
4.622125626
4.292047501
4.622125626
4.292047501
4.622125626
4.292047501
4.952504158
4.456737518
4.456733704
4.456729889
4.291687012
4.786808968
4.786507607
3.466195107
4.126351357
3.466195107
4.126351357
3.466195107
4.786808968
4.124073029
4.781648636
4.123776436
3.793697357
4.783931732
4.783630371
2.143004417
3.463317871
2.143004417
3.463317871
2.143004417
3.463317871
3.453001976
6.083610535