0.08499860763549805
0.06499767303466797
0.02436399459838867
0.06500720977783203
0.005047321319580078
0.07994413375854492
0.015006065368652344
0.03398418426513672
0.0
0.025000572204589844
0.05579233169555664
0.004713535308837891
0.05949497222900391
0.015006065368652344
0.03499031066894531
0.0
0.015025138854980469
0.04997730255126953
0.005037784576416016
0.030045509338378906
0.030002593994140625
0.0
0.014994144439697266
0.03500223159790039
0.0
0.022199153900146484
0.05779266357421875
0.0
0.014994144439697266
0.035016536712646484
0.0
0.014996528625488281
0.03500223159790039
0.01500844955444336
0.019981861114501953
0.050013065338134766
0.005004405975341797
0.03998756408691406
0.014996528625488281
0.04000425338745117
0.0
0.010001659393310547
0.04499673843383789
0.004999637603759766
0.010004043579101562
0.035004615783691406
0.0
0.010001659393310547
0.03000020980834961
0.004994869232177734
0.015001296997070312
0.05000114440917969
0.0
0.0099945068359375
0.03499746322631836
0.0
0.010004043579101562
0.03000020980834961
0.0
0.020000934600830078
0.034995079040527344
0.0
0.04500150680541992
0.009996891021728516
0.044999122619628906
0.0099945068359375
0.010004043579101562
0.04999876022338867
0.0
0.010001659393310547
0.03499746322631836
0.0
0.010013580322265625
0.039992332458496094
0.0
0.015003681182861328
0.04000663757324219
0.010001659393310547
0.03499269485473633
0.010008811950683594
0.03000020980834961
0.005013942718505859
0.019996166229248047
0.0
0.010006427764892578
0.00499725341796875
0.0
0.024988651275634766
0.035004615783691406
0.009999275207519531
0.034999847412109375
0.004994869232177734
0.044999122619628906
0.010004043579101562
0.024998188018798828
0.0
0.00499725341796875
0.0
0.010008811950683594
0.02500295639038086
0.034983158111572266
0.010013580322265625
0.03499269485473633
0.0099945068359375
0.0400090217590332
0.014989376068115234
0.020008087158203125