0.169997
0.129995
0.048728
0.130014
0.010095
0.159888
0.030012
0.067968
0.000000
0.050001
0.111585
0.009427
0.118990
0.030012
0.069981
0.000000
0.030050
0.099955
0.010076
0.060091
0.060005
0.000000
0.029988
0.070004
0.000000
0.044398
0.115585
0.000000
0.029988
0.070033
0.000000
0.029993
0.070004
0.030017
0.039964
0.100026
0.010009
0.079975
0.029993
0.080009
0.000000
0.020003
0.089993
0.009999
0.020008
0.070009
0.000000
0.020003
0.060000
0.009990
0.030003
0.100002
0.000000
0.019989
0.069995
0.000000
0.020008
0.060000
0.000000
0.040002
0.069990
0.000000
0.090003
0.019994
0.089998
0.019989
0.020008
0.099998
0.000000
0.020003
0.069995
0.000000
0.020027
0.079985
0.000000
0.030007
0.080013
0.020003
0.069985
0.020018
0.060000
0.010028
0.039992
0.000000
0.020013
0.009995
0.000000
0.049977
0.070009
0.019999
0.070000
0.009990
0.089998
0.020008
0.049996
0.000000
0.009995
0.000000
0.020018
0.050006
0.069966
0.020027
0.069985
0.019989
0.080018
0.029979
0.040016