0.008499860763549805
0.006499767303466797
0.002436399459838867
0.006500720977783203
0.0005047321319580078
0.007994413375854492
0.0015006065368652344
0.003398418426513672
0.0
0.0025000572204589844
0.005579233169555664
0.00047135353088378906
0.005949497222900391
0.0015006065368652344
0.0034990310668945312
0.0
0.0015025138854980469
0.004997730255126953
0.0005037784576416016
0.0030045509338378906
0.0030002593994140625
0.0
0.0014994144439697266
0.003500223159790039
0.0
0.0022199153900146484
0.005779266357421875
0.0
0.0014994144439697266
0.0035016536712646484
0.0
0.0014996528625488281
0.003500223159790039
0.001500844955444336
0.0019981861114501953
0.0050013065338134766
0.0005004405975341797
0.003998756408691406
0.0014996528625488281
0.004000425338745117
0.0
0.0010001659393310547
0.004499673843383789
0.0004999637603759766
0.0010004043579101562
0.0035004615783691406
0.0
0.0010001659393310547
0.003000020980834961
0.0004994869232177734
0.0015001296997070312
0.005000114440917969
0.0
0.00099945068359375
0.003499746322631836
0.0
0.0010004043579101562
0.003000020980834961
0.0
0.002000093460083008
0.0034995079040527344
0.0
0.004500150680541992
0.0009996891021728516
0.004499912261962891
0.00099945068359375
0.0010004043579101562
0.004999876022338867
0.0
0.0010001659393310547
0.003499746322631836
0.0
0.0010013580322265625
0.003999233245849609
0.0
0.0015003681182861328
0.004000663757324219
0.0010001659393310547
0.003499269485473633
0.0010008811950683594
0.003000020980834961
0.0005013942718505859
0.0019996166229248047
0.0
0.0010006427764892578
0.000499725341796875
0.0
0.0024988651275634766
0.0035004615783691406
0.0009999275207519531
0.0034999847412109375
0.0004994869232177734
0.004499912261962891
0.0010004043579101562
0.002499818801879883
0.0
0.000499725341796875
0.0
0.0010008811950683594
0.002500295639038086
0.0034983158111572266
0.0010013580322265625
0.003499269485473633
0.00099945068359375
0.00400090217590332
0.0014989376068115234
0.0020008087158203125