21.050355672836304
31.6851327419281
36.973406076431274
47.52711772918701
58.0024356842041
63.41215419769287
66.03874278068542
71.31747555732727
76.59783577919006
79.24310755729675
84.5056631565094
90.01475405693054
92.5912401676178
94.36438083648682
97.89569640159607
100.54918885231018
102.23984360694885
104.33233976364136
108.16065335273743
109.48355913162231
111.92247676849365
114.43328809738159
115.90661859512329
118.56489658355713
121.89525198936462
122.97648215293884
125.81171941757202
128.59591937065125
131.5600552558899
132.94899320602417
135.09839725494385
137.31786632537842
140.2853298187256
145.38484644889832
151.15457034111023
147.7159743309021
150.6776418685913
152.17938351631165
152.90831112861633
154.40937900543213
155.81086611747742
155.47034811973572
157.74993634223938
159.32312631607056
160.11295080184937
161.63351225852966
162.442462682724
164.56747007369995
164.98727798461914
166.74677062034607
168.4409999847412
168.65327715873718
170.45737099647522
171.7240469455719
172.76639580726624
174.89572620391846
176.2673361301422
176.40426754951477
178.14521431922913
178.53257012367249
179.17878651618958
180.77284717559814
181.3986587524414
181.6800570487976
182.5377025604248
182.45592164993286
184.0380334854126
184.87623977661133
183.96547889709473
184.3755979537964
186.1243188381195
186.03830480575562
186.41324496269226
187.73802733421326
188.94715452194214
190.63396382331848
189.75514364242554
190.0362958908081
191.1324667930603
192.7417552471161
192.21557569503784
192.78494572639465
191.91652369499207
193.39278435707092
193.08799266815186
193.9328830242157
197.1629023551941
196.70114660263062
200.0162079334259
199.58074831962585
200.83971428871155
203.85513401031494
204.17083382606506
204.64164233207703
204.54106307029724
207.2004132270813
206.04705095291138
208.62092661857605
210.96449422836304
212.25958251953125
216.15696787834167
217.75862884521484
220.11209869384766
220.84714150428772
224.37887978553772
225.7224633693695
229.7170147895813